it: 0, lambda: 1.04717893502, lambda2: 1, lambda2_next: 1.04717893502
it: 1, lambda: 1.00874707399, lambda2: 1.04717893502, lambda2_next: 1.05633868665
