it: 0, lambda: 0.956598581972, lambda2: 1, lambda2_next: 0.956598581972
it: 1, lambda: 0.976249800673, lambda2: 0.956598581972, lambda2_next: 0.933879174974
it: 2, lambda: 0.986741307607, lambda2: 0.933879174974, lambda2_next: 0.921497158261
it: 3, lambda: 0.992636519433, lambda2: 0.921497158261, lambda2_next: 0.914711731843
