it: 0, lambda: 1.06303915025, lambda2: 1, lambda2_next: 1.06303915025
it: 1, lambda: 1.0146078247, lambda2: 1.06303915025, lambda2_next: 1.0785678398
it: 2, lambda: 1.00349373553, lambda2: 1.0785678398, lambda2_next: 1.08233607059
