it: 0, lambda: 1.17233213404, lambda2: 1, lambda2_next: 1.17233213404
it: 1, lambda: 1.02726408739, lambda2: 1.17233213404, lambda2_next: 1.20429469979
it: 2, lambda: 1.00465233406, lambda2: 1.20429469979, lambda2_next: 1.20989748104
