it: 0, lambda: 0.971734109501, lambda2: 1, lambda2_next: 0.971734109501
it: 1, lambda: 0.983348006549, lambda2: 0.971734109501, lambda2_next: 0.955552799473
it: 2, lambda: 0.989965896706, lambda2: 0.955552799473, lambda2_next: 0.94596468398
it: 3, lambda: 0.994038551037, lambda2: 0.94596468398, lambda2_next: 0.940325363796
