it: 0, lambda: 1.05520577577, lambda2: 1, lambda2_next: 1.05520577577
it: 1, lambda: 1.02693526094, lambda2: 1.05520577577, lambda2_next: 1.08362801869
it: 2, lambda: 1.01405187533, lambda2: 1.08362801869, lambda2_next: 1.09885502451
it: 3, lambda: 1.00743127473, lambda2: 1.09885502451, lambda2_next: 1.10702091808
