it: 0, lambda: 1.04107920482, lambda2: 1, lambda2_next: 1.04107920482
it: 1, lambda: 1.0099819519, lambda2: 1.04107920482, lambda2_next: 1.05147120737
