it: 0, lambda: 0.973665526621, lambda2: 1, lambda2_next: 0.973665526621
it: 1, lambda: 0.985661282143, lambda2: 0.973665526621, lambda2_next: 0.959704411347
it: 2, lambda: 0.991569897488, lambda2: 0.959704411347, lambda2_next: 0.951614004779
